418 163840
0 0 1 76 1024 15
0 1 1 71 1024 15
0 2 0 40 512 30
512 2 0 52 512 30
512 3 0 42 128 30
1024 0 1 71 512 15
1024 1 1 68 512 15
1024 2 0 40 512 30
1536 0 1 72 512 15
1536 1 1 69 512 15
1536 2 0 52 512 30
1536 3 0 42 128 30
2048 0 1 74 512 15
2048 1 1 71 1024 15
2048 2 0 40 512 30
2560 0 1 76 256 15
2560 2 0 52 512 30
2560 3 0 42 64 30
2816 0 1 74 256 15
2816 3 0 42 64 30
3072 0 1 72 512 15
3072 1 1 69 512 15
3072 2 0 40 512 30
3584 0 1 71 512 15
3584 1 1 68 512 15
3584 2 0 52 512 30
3584 3 0 42 128 30
4096 0 1 69 1024 15
4096 1 1 64 1024 15
4096 2 0 45 512 30
4608 2 0 57 512 30
4608 3 0 42 128 30
5120 0 1 69 512 15
5120 1 1 64 512 15
5120 2 0 45 512 30
5632 0 1 72 512 15
5632 1 1 69 512 15
5632 2 0 57 512 30
5632 3 0 42 128 30
6144 0 1 76 1024 15
6144 1 1 72 1024 15
6144 2 0 45 512 30
6656 2 0 57 512 30
6656 3 0 42 128 30
7168 0 1 74 512 15
7168 1 1 71 512 15
7168 2 0 45 512 30
7168 3 0 42 128 30
7680 0 1 72 512 15
7680 1 1 69 512 15
7680 2 0 57 512 30
7680 3 0 42 128 30
8192 0 1 71 1536 15
8192 1 1 68 512 15
8192 2 0 44 512 30
8704 1 1 64 512 15
8704 2 0 56 512 30
8704 3 0 42 128 30
9216 1 1 68 512 15
9216 2 0 44 512 30
9728 0 1 72 512 15
9728 1 1 69 512 15
9728 2 0 56 512 30
9728 3 0 42 128 30
10240 0 1 74 1024 15
10240 1 1 71 1024 15
10240 2 0 40 512 30
10752 2 0 52 512 30
10752 3 0 42 64 30
11008 3 0 42 64 30
11264 0 1 76 1024 15
11264 1 1 72 1024 15
11264 2 0 40 512 30
11776 2 0 52 512 30
11776 3 0 42 128 30
12288 0 1 72 1024 15
12288 1 1 69 1024 15
12288 2 0 45 512 30
12800 2 0 57 512 30
12800 3 0 42 128 30
13312 0 1 69 1024 15
13312 1 1 64 1024 15
13312 2 0 45 512 30
13824 2 0 57 512 30
13824 3 0 42 128 30
14336 0 1 69 2048 15
14336 1 1 64 2048 15
14336 2 0 45 512 30
14848 2 0 57 512 30
14848 3 0 42 128 30
15360 2 0 47 512 30
15360 3 0 42 128 30
15872 2 0 48 512 30
15872 3 0 42 128 30
16384 2 0 50 512 30
16896 0 1 74 1024 15
16896 1 1 65 1024 15
16896 2 0 38 512 30
16896 3 0 42 128 30
17920 0 1 77 512 15
17920 1 1 69 512 15
17920 2 0 38 512 30
17920 3 0 42 128 30
18432 0 1 81 1024 15
18432 1 1 72 512 15
18944 1 1 72 256 15
18944 2 0 38 512 30
18944 3 0 42 64 30
19200 1 1 72 256 15
19200 3 0 42 64 30
19456 0 1 79 512 15
19456 1 1 71 512 15
19456 2 0 45 512 30
19968 0 1 77 512 15
19968 1 1 69 512 15
19968 2 0 41 512 30
19968 3 0 42 128 30
20480 0 1 76 1536 15
20480 1 1 67 1536 15
20480 2 0 36 512 30
20992 2 0 48 512 30
20992 3 0 42 128 30
22016 0 1 72 512 15
22016 1 1 64 512 15
22016 2 0 48 512 30
22016 3 0 42 128 30
22528 0 1 76 1024 15
22528 1 1 67 512 15
22528 2 0 36 512 30
23040 1 1 69 256 15
23040 2 0 43 512 30
23040 3 0 42 128 30
23296 1 1 67 256 15
23552 0 1 74 512 15
23552 1 1 65 512 15
23552 2 0 43 512 30
23552 3 0 42 128 30
24064 0 1 72 512 15
24064 1 1 64 512 15
24064 3 0 42 128 30
24576 0 1 71 1024 15
24576 1 1 68 512 15
24576 2 0 47 512 30
25088 1 1 64 512 15
25088 2 0 59 512 30
25088 3 0 42 128 30
25600 0 1 71 512 15
25600 1 1 68 512 15
26112 0 1 72 512 15
26112 1 1 69 512 15
26112 2 0 59 512 30
26112 3 0 42 128 30
26624 0 1 74 1024 15
26624 1 1 71 512 15
27136 1 1 68 512 15
27136 2 0 52 512 30
27136 3 0 42 64 30
27392 3 0 42 64 30
27648 0 1 76 1024 15
27648 1 1 72 512 15
28160 1 1 68 512 15
28160 2 0 56 512 30
28160 3 0 42 128 30
28672 0 1 72 1024 15
28672 1 1 69 512 15
28672 2 0 45 512 30
29184 1 1 64 512 15
29184 2 0 52 512 30
29184 3 0 42 128 30
29696 0 1 69 1024 15
29696 1 1 64 1024 15
29696 2 0 45 512 30
30208 2 0 52 512 30
30208 3 0 42 128 30
30720 0 1 69 1024 15
30720 1 1 64 1024 15
30720 2 0 45 1024 30
31232 3 0 42 128 30
31744 3 0 42 128 30
32256 3 0 42 128 30
32768 0 1 76 1024 15
32768 1 1 71 1024 15
32768 2 0 40 512 30
33280 2 0 52 512 30
33280 3 0 42 128 30
33792 0 1 71 512 15
33792 1 1 68 512 15
33792 2 0 40 512 30
34304 0 1 72 512 15
34304 1 1 69 512 15
34304 2 0 52 512 30
34304 3 0 42 128 30
34816 0 1 74 512 15
34816 1 1 71 1024 15
34816 2 0 40 512 30
35328 0 1 76 256 15
35328 2 0 52 512 30
35328 3 0 42 64 30
35584 0 1 74 256 15
35584 3 0 42 64 30
35840 0 1 72 512 15
35840 1 1 69 512 15
35840 2 0 40 512 30
36352 0 1 71 512 15
36352 1 1 68 512 15
36352 2 0 52 512 30
36352 3 0 42 128 30
36864 0 1 69 1024 15
36864 1 1 64 1024 15
36864 2 0 45 512 30
37376 2 0 57 512 30
37376 3 0 42 128 30
37888 0 1 69 512 15
37888 1 1 64 512 15
37888 2 0 45 512 30
38400 0 1 72 512 15
38400 1 1 69 512 15
38400 2 0 57 512 30
38400 3 0 42 128 30
38912 0 1 76 1024 15
38912 1 1 72 1024 15
38912 2 0 45 512 30
39424 2 0 57 512 30
39424 3 0 42 128 30
39936 0 1 74 512 15
39936 1 1 71 512 15
39936 2 0 45 512 30
39936 3 0 42 128 30
40448 0 1 72 512 15
40448 1 1 69 512 15
40448 2 0 57 512 30
40448 3 0 42 128 30
40960 0 1 71 1536 15
40960 1 1 68 512 15
40960 2 0 44 512 30
41472 1 1 64 512 15
41472 2 0 56 512 30
41472 3 0 42 128 30
41984 1 1 68 512 15
41984 2 0 44 512 30
42496 0 1 72 512 15
42496 1 1 69 512 15
42496 2 0 56 512 30
42496 3 0 42 128 30
43008 0 1 74 1024 15
43008 1 1 71 1024 15
43008 2 0 40 512 30
43520 2 0 52 512 30
43520 3 0 42 64 30
43776 3 0 42 64 30
44032 0 1 76 1024 15
44032 1 1 72 1024 15
44032 2 0 40 512 30
44544 2 0 52 512 30
44544 3 0 42 128 30
45056 0 1 72 1024 15
45056 1 1 69 1024 15
45056 2 0 45 512 30
45568 2 0 57 512 30
45568 3 0 42 128 30
46080 0 1 69 1024 15
46080 1 1 64 1024 15
46080 2 0 45 512 30
46592 2 0 57 512 30
46592 3 0 42 128 30
47104 0 1 69 2048 15
47104 1 1 64 2048 15
47104 2 0 45 512 30
47616 2 0 57 512 30
47616 3 0 42 128 30
48128 2 0 47 512 30
48128 3 0 42 128 30
48640 2 0 48 512 30
48640 3 0 42 128 30
49152 2 0 50 512 30
49664 0 1 74 1024 15
49664 1 1 65 1024 15
49664 2 0 38 512 30
49664 3 0 42 128 30
50688 0 1 77 512 15
50688 1 1 69 512 15
50688 2 0 38 512 30
50688 3 0 42 128 30
51200 0 1 81 1024 15
51200 1 1 72 512 15
51712 1 1 72 256 15
51712 2 0 38 512 30
51712 3 0 42 64 30
51968 1 1 72 256 15
51968 3 0 42 64 30
52224 0 1 79 512 15
52224 1 1 71 512 15
52224 2 0 45 512 30
52736 0 1 77 512 15
52736 1 1 69 512 15
52736 2 0 41 512 30
52736 3 0 42 128 30
53248 0 1 76 1536 15
53248 1 1 67 1536 15
53248 2 0 36 512 30
53760 2 0 48 512 30
53760 3 0 42 128 30
54784 0 1 72 512 15
54784 1 1 64 512 15
54784 2 0 48 512 30
54784 3 0 42 128 30
55296 0 1 76 1024 15
55296 1 1 67 512 15
55296 2 0 36 512 30
55808 1 1 69 256 15
55808 2 0 43 512 30
55808 3 0 42 128 30
56064 1 1 67 256 15
56320 0 1 74 512 15
56320 1 1 65 512 15
56320 2 0 43 512 30
56320 3 0 42 128 30
56832 0 1 72 512 15
56832 1 1 64 512 15
56832 3 0 42 128 30
57344 0 1 71 1024 15
57344 1 1 68 512 15
57344 2 0 47 512 30
57856 1 1 64 512 15
57856 2 0 59 512 30
57856 3 0 42 128 30
58368 0 1 71 512 15
58368 1 1 68 512 15
58880 0 1 72 512 15
58880 1 1 69 512 15
58880 2 0 59 512 30
58880 3 0 42 128 30
59392 0 1 74 1024 15
59392 1 1 71 512 15
59904 1 1 68 512 15
59904 2 0 52 512 30
59904 3 0 42 64 30
60160 3 0 42 64 30
60416 0 1 76 1024 15
60416 1 1 72 512 15
60928 1 1 68 512 15
60928 2 0 56 512 30
60928 3 0 42 128 30
61440 0 1 72 1024 15
61440 1 1 69 512 15
61440 2 0 45 512 30
61952 1 1 64 512 15
61952 2 0 52 512 30
61952 3 0 42 128 30
62464 0 1 69 1024 15
62464 1 1 64 1024 15
62464 2 0 45 512 30
62976 2 0 52 512 30
62976 3 0 42 128 30
63488 0 1 69 1024 15
63488 1 1 64 1024 15
63488 2 0 45 1024 30
64000 3 0 42 128 30
64512 3 0 42 128 30
65024 3 0 42 128 30
65536 0 0 64 2048 10
65536 1 0 60 2048 10
65536 2 0 57 512 30
66048 2 0 64 512 30
66048 3 0 42 128 30
66560 2 0 57 512 30
67072 2 0 64 512 30
67072 3 0 42 128 30
67584 0 0 60 2048 10
67584 1 0 57 2048 10
67584 2 0 57 512 30
68096 2 0 64 512 30
68096 3 0 42 64 30
68352 3 0 42 64 30
68608 2 0 57 512 30
69120 2 0 64 512 30
69120 3 0 42 128 30
69632 0 0 62 2048 10
69632 1 0 59 2048 10
69632 2 0 56 512 30
70144 2 0 64 512 30
70144 3 0 42 128 30
70656 2 0 56 512 30
71168 2 0 64 512 30
71168 3 0 42 128 30
71680 0 0 59 2048 10
71680 1 0 56 2048 10
71680 2 0 56 512 30
72192 2 0 64 512 30
72192 3 0 42 128 30
72704 2 0 56 512 30
72704 3 0 42 128 30
73216 2 0 64 512 30
73216 3 0 42 128 30
73728 0 0 60 2048 10
73728 1 0 57 2048 10
73728 2 0 57 512 30
74240 2 0 64 512 30
74240 3 0 42 128 30
74752 2 0 57 512 30
75264 2 0 64 512 30
75264 3 0 42 128 30
75776 0 0 57 2048 10
75776 1 0 52 2048 10
75776 2 0 57 512 30
76288 2 0 64 512 30
76288 3 0 42 64 30
76544 3 0 42 64 30
76800 2 0 57 512 30
77312 2 0 64 512 30
77312 3 0 42 128 30
77824 0 0 56 2048 10
77824 1 0 52 2048 10
77824 2 0 56 512 30
78336 2 0 64 512 30
78336 3 0 42 128 30
78848 2 0 56 512 30
79360 2 0 64 512 30
79360 3 0 42 128 30
79872 0 0 59 1024 10
79872 1 0 56 1024 10
80384 3 0 42 128 30
80896 3 0 42 128 30
81408 3 0 42 128 30
81920 0 0 64 2048 10
81920 1 0 60 2048 10
81920 2 0 57 512 30
82432 2 0 64 512 30
82432 3 0 42 128 30
82944 2 0 57 512 30
83456 2 0 64 512 30
83456 3 0 42 128 30
83968 0 0 60 2048 10
83968 1 0 57 2048 10
83968 2 0 57 512 30
84480 2 0 64 512 30
84480 3 0 42 64 30
84736 3 0 42 64 30
84992 2 0 57 512 30
85504 2 0 64 512 30
85504 3 0 42 128 30
86016 0 0 62 2048 10
86016 1 0 59 2048 10
86016 2 0 56 512 30
86528 2 0 64 512 30
86528 3 0 42 128 30
87040 2 0 56 512 30
87552 2 0 64 512 30
87552 3 0 42 128 30
88064 0 0 59 2048 10
88064 1 0 56 2048 10
88064 2 0 56 512 30
88576 2 0 64 512 30
88576 3 0 42 128 30
89088 2 0 56 512 30
89088 3 0 42 128 30
89600 2 0 64 512 30
89600 3 0 42 128 30
90112 0 0 60 1024 10
90112 1 0 57 1024 10
90112 2 0 57 512 30
90624 2 0 64 512 30
90624 3 0 42 128 30
91136 0 0 64 1024 10
91136 1 0 60 1024 10
91136 2 0 57 512 30
91648 2 0 64 512 30
91648 3 0 42 128 30
92160 0 0 69 2048 10
92160 1 0 64 2048 10
92160 2 0 57 512 30
92672 2 0 64 512 30
92672 3 0 42 64 30
92928 3 0 42 64 30
93184 2 0 57 512 30
93696 2 0 64 512 30
93696 3 0 42 128 30
94208 0 0 68 2048 10
94208 1 0 62 2048 10
94208 2 0 56 512 30
94720 2 0 64 512 30
94720 3 0 42 128 30
95232 2 0 56 512 30
95744 2 0 64 512 30
95744 3 0 42 128 30
96768 3 0 42 128 30
97280 3 0 42 128 30
97792 3 0 42 128 30
98304 0 1 76 1024 10
98304 1 1 71 1024 15
98304 2 0 40 512 30
98816 2 0 52 512 30
98816 3 0 42 128 30
99328 0 1 71 512 15
99328 1 1 68 512 15
99328 2 0 40 512 30
99840 0 1 72 512 15
99840 1 1 69 512 15
99840 2 0 52 512 30
99840 3 0 42 128 30
100352 0 1 74 512 15
100352 1 1 71 1024 15
100352 2 0 40 512 30
100864 0 1 76 256 15
100864 2 0 52 512 30
100864 3 0 42 64 30
101120 0 1 74 256 15
101120 3 0 42 64 30
101376 0 1 72 512 15
101376 1 1 69 512 15
101376 2 0 40 512 30
101888 0 1 71 512 15
101888 1 1 68 512 15
101888 2 0 52 512 30
101888 3 0 42 128 30
102400 0 1 69 1024 15
102400 1 1 64 1024 15
102400 2 0 45 512 30
102912 2 0 57 512 30
102912 3 0 42 128 30
103424 0 1 69 512 15
103424 1 1 64 512 15
103424 2 0 45 512 30
103936 0 1 72 512 15
103936 1 1 69 512 15
103936 2 0 57 512 30
103936 3 0 42 128 30
104448 0 1 76 1024 15
104448 1 1 72 1024 15
104448 2 0 45 512 30
104960 2 0 57 512 30
104960 3 0 42 128 30
105472 0 1 74 512 15
105472 1 1 71 512 15
105472 2 0 45 512 30
105472 3 0 42 128 30
105984 0 1 72 512 15
105984 1 1 69 512 15
105984 2 0 57 512 30
105984 3 0 42 128 30
106496 0 1 71 1536 15
106496 1 1 68 512 15
106496 2 0 44 512 30
107008 1 1 64 512 15
107008 2 0 56 512 30
107008 3 0 42 128 30
107520 1 1 68 512 15
107520 2 0 44 512 30
108032 0 1 72 512 15
108032 1 1 69 512 15
108032 2 0 56 512 30
108032 3 0 42 128 30
108544 0 1 74 1024 15
108544 1 1 71 1024 15
108544 2 0 40 512 30
109056 2 0 52 512 30
109056 3 0 42 64 30
109312 3 0 42 64 30
109568 0 1 76 1024 15
109568 1 1 72 1024 15
109568 2 0 40 512 30
110080 2 0 52 512 30
110080 3 0 42 128 30
110592 0 1 72 1024 15
110592 1 1 69 1024 15
110592 2 0 45 512 30
111104 2 0 57 512 30
111104 3 0 42 128 30
111616 0 1 69 1024 15
111616 1 1 64 1024 15
111616 2 0 45 512 30
112128 2 0 57 512 30
112128 3 0 42 128 30
112640 0 1 69 2048 15
112640 1 1 64 2048 15
112640 2 0 45 512 30
113152 2 0 57 512 30
113152 3 0 42 128 30
113664 2 0 47 512 30
113664 3 0 42 128 30
114176 2 0 48 512 30
114176 3 0 42 128 30
114688 2 0 50 512 30
115200 0 1 74 1024 15
115200 1 1 65 1024 15
115200 2 0 38 512 30
115200 3 0 42 128 30
116224 0 1 77 512 15
116224 1 1 69 512 15
116224 2 0 38 512 30
116224 3 0 42 128 30
116736 0 1 81 1024 15
116736 1 1 72 512 15
117248 1 1 72 256 15
117248 2 0 38 512 30
117248 3 0 42 64 30
117504 1 1 72 256 15
117504 3 0 42 64 30
117760 0 1 79 512 15
117760 1 1 71 512 15
117760 2 0 45 512 30
118272 0 1 77 512 15
118272 1 1 69 512 15
118272 2 0 41 512 30
118272 3 0 42 128 30
118784 0 1 76 1536 15
118784 1 1 67 1536 15
118784 2 0 36 512 30
119296 2 0 48 512 30
119296 3 0 42 128 30
120320 0 1 72 512 15
120320 1 1 64 512 15
120320 2 0 48 512 30
120320 3 0 42 128 30
120832 0 1 76 1024 15
120832 1 1 67 512 15
120832 2 0 36 512 30
121344 1 1 69 256 15
121344 2 0 43 512 30
121344 3 0 42 128 30
121600 1 1 67 256 15
121856 0 1 74 512 15
121856 1 1 65 512 15
121856 2 0 43 512 30
121856 3 0 42 128 30
122368 0 1 72 512 15
122368 1 1 64 512 15
122368 3 0 42 128 30
122880 0 1 71 1024 15
122880 1 1 68 512 15
122880 2 0 47 512 30
123392 1 1 64 512 15
123392 2 0 59 512 30
123392 3 0 42 128 30
123904 0 1 71 512 15
123904 1 1 68 512 15
124416 0 1 72 512 15
124416 1 1 69 512 15
124416 2 0 59 512 30
124416 3 0 42 128 30
124928 0 1 74 1024 15
124928 1 1 71 512 15
125440 1 1 68 512 15
125440 2 0 52 512 30
125440 3 0 42 64 30
125696 3 0 42 64 30
125952 0 1 76 1024 15
125952 1 1 72 512 15
126464 1 1 68 512 15
126464 2 0 56 512 30
126464 3 0 42 128 30
126976 0 1 72 1024 15
126976 1 1 69 512 15
126976 2 0 45 512 30
127488 1 1 64 512 15
127488 2 0 52 512 30
127488 3 0 42 128 30
128000 0 1 69 1024 15
128000 1 1 64 1024 15
128000 2 0 45 512 30
128512 2 0 52 512 30
128512 3 0 42 128 30
129024 0 1 69 1024 15
129024 1 1 64 1024 15
129024 2 0 45 1024 30
129536 3 0 42 128 30
130048 3 0 42 128 30
130560 3 0 42 128 30
131072 0 1 76 1024 15
131072 1 1 71 1024 15
131072 2 0 40 512 30
131584 2 0 52 512 30
131584 3 0 42 128 30
132096 0 1 71 512 15
132096 1 1 68 512 15
132096 2 0 40 512 30
132608 0 1 72 512 15
132608 1 1 69 512 15
132608 2 0 52 512 30
132608 3 0 42 128 30
133120 0 1 74 512 15
133120 1 1 71 1024 15
133120 2 0 40 512 30
133632 0 1 76 256 15
133632 2 0 52 512 30
133632 3 0 42 64 30
133888 0 1 74 256 15
133888 3 0 42 64 30
134144 0 1 72 512 15
134144 1 1 69 512 15
134144 2 0 40 512 30
134656 0 1 71 512 15
134656 1 1 68 512 15
134656 2 0 52 512 30
134656 3 0 42 128 30
135168 0 1 69 1024 15
135168 1 1 64 1024 15
135168 2 0 45 512 30
135680 2 0 57 512 30
135680 3 0 42 128 30
136192 0 1 69 512 15
136192 1 1 64 512 15
136192 2 0 45 512 30
136704 0 1 72 512 15
136704 1 1 69 512 15
136704 2 0 57 512 30
136704 3 0 42 128 30
137216 0 1 76 1024 15
137216 1 1 72 1024 15
137216 2 0 45 512 30
137728 2 0 57 512 30
137728 3 0 42 128 30
138240 0 1 74 512 15
138240 1 1 71 512 15
138240 2 0 45 512 30
138240 3 0 42 128 30
138752 0 1 72 512 15
138752 1 1 69 512 15
138752 2 0 57 512 30
138752 3 0 42 128 30
139264 0 1 71 1536 15
139264 1 1 68 512 15
139264 2 0 44 512 30
139776 1 1 64 512 15
139776 2 0 56 512 30
139776 3 0 42 128 30
140288 1 1 68 512 15
140288 2 0 44 512 30
140800 0 1 72 512 15
140800 1 1 69 512 15
140800 2 0 56 512 30
140800 3 0 42 128 30
141312 0 1 74 1024 15
141312 1 1 71 1024 15
141312 2 0 40 512 30
141824 2 0 52 512 30
141824 3 0 42 64 30
142080 3 0 42 64 30
142336 0 1 76 1024 15
142336 1 1 72 1024 15
142336 2 0 40 512 30
142848 2 0 52 512 30
142848 3 0 42 128 30
143360 0 1 72 1024 15
143360 1 1 69 1024 15
143360 2 0 45 512 30
143872 2 0 57 512 30
143872 3 0 42 128 30
144384 0 1 69 1024 15
144384 1 1 64 1024 15
144384 2 0 45 512 30
144896 2 0 57 512 30
144896 3 0 42 128 30
145408 0 1 69 2048 15
145408 1 1 64 2048 15
145408 2 0 45 512 30
145920 2 0 57 512 30
145920 3 0 42 128 30
146432 2 0 47 512 30
146432 3 0 42 128 30
146944 2 0 48 512 30
146944 3 0 42 128 30
147456 2 0 50 512 30
147968 0 1 74 1024 15
147968 1 1 65 1024 15
147968 2 0 38 512 30
147968 3 0 42 128 30
148992 0 1 77 512 15
148992 1 1 69 512 15
148992 2 0 38 512 30
148992 3 0 42 128 30
149504 0 1 81 1024 15
149504 1 1 72 512 15
150016 1 1 72 256 15
150016 2 0 38 512 30
150016 3 0 42 64 30
150272 1 1 72 256 15
150272 3 0 42 64 30
150528 0 1 79 512 15
150528 1 1 71 512 15
150528 2 0 45 512 30
151040 0 1 77 512 15
151040 1 1 69 512 15
151040 2 0 41 512 30
151040 3 0 42 128 30
151552 0 1 76 1536 15
151552 1 1 67 1536 15
151552 2 0 36 512 30
152064 2 0 48 512 30
152064 3 0 42 128 30
153088 0 1 72 512 15
153088 1 1 64 512 15
153088 2 0 48 512 30
153088 3 0 42 128 30
153600 0 1 76 1024 15
153600 1 1 67 512 15
153600 2 0 36 512 30
154112 1 1 69 256 15
154112 2 0 43 512 30
154112 3 0 42 128 30
154368 1 1 67 256 15
154624 0 1 74 512 15
154624 1 1 65 512 15
154624 2 0 43 512 30
154624 3 0 42 128 30
155136 0 1 72 512 15
155136 1 1 64 512 15
155136 3 0 42 128 30
155648 0 1 71 1024 15
155648 1 1 68 512 15
155648 2 0 47 512 30
156160 1 1 64 512 15
156160 2 0 59 512 30
156160 3 0 42 128 30
156672 0 1 71 512 15
156672 1 1 68 512 15
157184 0 1 72 512 15
157184 1 1 69 512 15
157184 2 0 59 512 30
157184 3 0 42 128 30
157696 0 1 74 1024 15
157696 1 1 71 512 15
158208 1 1 68 512 15
158208 2 0 52 512 30
158208 3 0 42 64 30
158464 3 0 42 64 30
158720 0 1 76 1024 15
158720 1 1 72 512 15
159232 1 1 68 512 15
159232 2 0 56 512 30
159232 3 0 42 128 30
159744 0 1 72 1024 15
159744 1 1 69 512 15
159744 2 0 45 512 30
160256 1 1 64 512 15
160256 2 0 52 512 30
160256 3 0 42 128 30
160768 0 1 69 1024 15
160768 1 1 64 1024 15
160768 2 0 45 512 30
161280 2 0 52 512 30
161280 3 0 42 128 30
161792 0 1 69 1024 15
161792 1 1 64 1024 15
161792 2 0 45 1024 30
162304 3 0 42 128 30
162816 3 0 42 128 30
163328 3 0 42 128 30
